f = @(x) cosh(sin(pi*x).^2);
for n=8:2:14
  h = 1/n; x = 0:h:1-h; I = h*sum(f(x))
end

I =

          1.19921146327255


I =

          1.19921146241372


I =

          1.19921146241312


I =

          1.19921146241312