function dx = f(t,x)

dx = x;

k = [8.4303270e-10,2.9002673e11,2.4603642e10,8.7600580e-6];

dx(1) = -k(1)*x(1)+k(2)*x(3);
dx(2) = -k(4)*x(2)+k(3)*x(3);
dx(3) = k(1)*x(1)+k(4)*x(2)-(k(2)+k(3))*x(3);