x =

     1

a = 0.81;
x = (x+a/x)/2

x =

                     0.905

x = (x+a/x)/2

x =

         0.900013812154696

x = (x+a/x)/2

x =

         0.900000000105985

x = (x+a/x)/2

x =

                       0.9

x = 100;
x = (x+a/x)/2

x =

                  50.00405

x = (x+a/x)/2

x =

          25.0101243439531

x = (x+a/x)/2

x =

          12.5212556140575

x = (x+a/x)/2

x =

          6.29297280600354

x = (x+a/x)/2

x =

          3.21084390342091

x = (x+a/x)/2

x =

          1.73155701532052

x = (x+a/x)/2

x =

          1.09967204764574

x = (x+a/x)/2

x =

         0.918127643917292

x = (x+a/x)/2

x =

         0.900178957401059

x = (x+a/x)/2

x =

         0.900000017788547

x = (x+a/x)/2

x =

                       0.9

[x,fail] = Newton(@f,@Df,[0;0;0],1e-12)
[Warning: Matrix is singular to working precision.] 

x =

     0
     0
     0


fail =

     1

[x,fail] = Newton(@f,@Df,[0;1;2],1e-12)

x =

         -0.67301164008571
          2.14756855011022
          1.52544308997549


fail =

     1

sum(x)

ans =

                         3

sum(x.^2)

ans =

          7.39197196586734

sum(x.^3)

ans =

          13.1495283593401


[x,fail] = Newton(@f,@Df,[-1;1+1i;1-1i],1e-12)

x =

         -0.737931034482759 -  1.11022302462516e-16i
           1.86896551724138 -     0.510919540229886i
           1.86896551724138 +     0.510919540229886i


fail =

     1

[x,fail] = Newton(@f,@Df,[-1;2+1i;2-1i],1e-12)

x =

         -0.672487836616588 -  1.42735896032406e-17i
           1.83624391830829 +     0.312908409479233i
           1.83624391830829 -     0.312908409479233i


fail =

     0

sum(x.^4)

ans =

                         19 -   3.5527136788005e-15i

[x,fail,steps] = NewtonRelax(@f,@Df,[0;0;0],1e-12)
[Warning: Matrix is singular to working precision.] 

x =

     0
     0
     0


fail =

     3


steps =

     1

[x,fail,steps] = NewtonRelax(@f,@Df,[0;1;2],1e-12)

x =

        -0.695465803933574
          1.84394269249165
          1.85152311144193


fail =

     1


steps =

    10

[x,fail,steps] = NewtonRelax(@f,@Df,[0;1;1i],1e-12)

x =

         -0.672487836616587 +  1.77436501639551e-17i
           1.83624391830829 +     0.312908409479233i
           1.83624391830829 -     0.312908409479233i


fail =

     0


steps =

    12

[x,fail] = Newton(@f,@Df,[0;1;1i],1e-12)

x =

          -1.16666666666667 -     0.833333333333333i
                       4.25 +    0.0833333333333332i
        -0.0833333333333332 +                  0.75i


fail =

     1

[x,fail,steps] = Newton_Relax(@f,@Df,[0;1;1i],1e-12)

lambda =

                       0.5


lambda =

                      0.25


lambda =

                       0.5


lambda =

                       0.5


lambda =

                      0.25


x =

         -0.672487836616587 +  1.77436501639551e-17i
           1.83624391830829 +     0.312908409479233i
           1.83624391830829 -     0.312908409479233i


fail =

     0


steps =

    12

[x,fail,steps] = Newton_Relax(@f,@Df,[-1;1;2i],1e-12)

lambda =

                       0.5


lambda =

                       0.5


x =

         -0.672487836616587 +  1.40868394268126e-17i
           1.83624391830829 -     0.312908409479233i
           1.83624391830829 +     0.312908409479233i


fail =

     0


steps =

    11

